Year	  Age	 mx	  qx	   ax	 lx	    dx	  Lx	 Tx	  ex
2018      0      0.00329  0.00329  0.14  100000     329   99718  8369226  83.69         
2018      1      0.00022  0.00022  0.50   99671      22   99661  8269507  82.97         
2018      2      0.00013  0.00013  0.50   99650      13   99643  8169847  81.99         
2018      3      0.00015  0.00015  0.50   99636      15   99629  8070204  81.00         
2018      4      0.00011  0.00011  0.50   99622      11   99616  7970575  80.01         
2018      5      0.00008  0.00008  0.50   99611       8   99607  7870958  79.02         
2018      6      0.00009  0.00009  0.50   99603       9   99598  7771352  78.02         
2018      7      0.00005  0.00005  0.50   99594       5   99592  7671753  77.03         
2018      8      0.00009  0.00009  0.50   99589       9   99585  7572162  76.03         
2018      9      0.00005  0.00005  0.50   99580       5   99578  7472577  75.04         
2018     10      0.00003  0.00003  0.50   99576       3   99574  7372999  74.04         
2018     11      0.00005  0.00005  0.50   99573       5   99570  7273425  73.05         
2018     12      0.00005  0.00005  0.50   99568       5   99566  7173854  72.05         
2018     13      0.00014  0.00014  0.50   99563      14   99556  7074289  71.05         
2018     14      0.00005  0.00005  0.50   99549       5   99547  6974732  70.06         
2018     15      0.00010  0.00010  0.50   99544      10   99539  6875186  69.07         
2018     16      0.00013  0.00013  0.50   99534      13   99528  6775647  68.07         
2018     17      0.00013  0.00013  0.50   99521      13   99515  6676119  67.08         
2018     18      0.00018  0.00018  0.50   99508      18   99499  6576604  66.09         
2018     19      0.00021  0.00021  0.50   99491      21   99480  6477105  65.10         
2018     20      0.00008  0.00008  0.50   99470       8   99466  6377624  64.12         
2018     21      0.00021  0.00021  0.50   99462      21   99452  6278158  63.12         
2018     22      0.00023  0.00023  0.50   99441      23   99430  6178706  62.13         
2018     23      0.00020  0.00020  0.50   99418      19   99409  6079277  61.15         
2018     24      0.00026  0.00026  0.50   99399      26   99386  5979868  60.16         
2018     25      0.00029  0.00029  0.50   99373      29   99359  5880482  59.18         
2018     26      0.00019  0.00019  0.50   99344      19   99335  5781123  58.19         
2018     27      0.00022  0.00022  0.50   99326      22   99315  5681788  57.20         
2018     28      0.00023  0.00023  0.50   99303      22   99292  5582473  56.22         
2018     29      0.00027  0.00027  0.50   99281      27   99268  5483181  55.23         
2018     30      0.00023  0.00023  0.50   99254      23   99243  5383913  54.24         
2018     31      0.00028  0.00028  0.50   99232      28   99218  5284670  53.26         
2018     32      0.00041  0.00041  0.50   99204      41   99183  5185453  52.27         
2018     33      0.00055  0.00055  0.50   99163      54   99136  5086270  51.29         
2018     34      0.00046  0.00046  0.50   99108      46   99085  4987134  50.32         
2018     35      0.00045  0.00045  0.50   99062      44   99040  4888049  49.34         
2018     36      0.00062  0.00062  0.50   99018      62   98987  4789008  48.36         
2018     37      0.00055  0.00055  0.50   98956      55   98929  4690021  47.39         
2018     38      0.00046  0.00046  0.50   98902      46   98879  4591092  46.42         
2018     39      0.00078  0.00078  0.50   98856      77   98817  4492213  45.44         
2018     40      0.00076  0.00076  0.50   98779      75   98742  4393396  44.48         
2018     41      0.00090  0.00090  0.50   98704      88   98660  4294654  43.51         
2018     42      0.00090  0.00090  0.50   98616      89   98571  4195994  42.55         
2018     43      0.00088  0.00088  0.50   98527      86   98484  4097423  41.59         
2018     44      0.00129  0.00129  0.50   98441     127   98377  3998939  40.62         
2018     45      0.00135  0.00135  0.50   98314     132   98248  3900562  39.67         
2018     46      0.00154  0.00154  0.50   98181     151   98106  3802314  38.73         
2018     47      0.00137  0.00137  0.50   98030     134   97963  3704208  37.79         
2018     48      0.00154  0.00154  0.50   97896     151   97820  3606245  36.84         
2018     49      0.00172  0.00172  0.50   97745     168   97661  3508425  35.89         
2018     50      0.00214  0.00213  0.50   97577     208   97472  3410765  34.95         
2018     51      0.00204  0.00204  0.50   97368     198   97269  3313292  34.03         
2018     52      0.00213  0.00213  0.50   97170     207   97066  3216023  33.10         
2018     53      0.00273  0.00273  0.50   96963     265   96831  3118957  32.17         
2018     54      0.00269  0.00269  0.50   96698     260   96568  3022126  31.25         
2018     55      0.00280  0.00280  0.50   96439     270   96304  2925558  30.34         
2018     56      0.00330  0.00330  0.50   96169     317   96010  2829254  29.42         
2018     57      0.00392  0.00391  0.50   95852     375   95664  2733244  28.52         
2018     58      0.00396  0.00395  0.50   95477     377   95288  2637580  27.63         
2018     59      0.00482  0.00481  0.50   95099     458   94870  2542292  26.73         
2018     60      0.00493  0.00491  0.50   94642     465   94409  2447422  25.86         
2018     61      0.00564  0.00563  0.50   94177     530   93912  2353013  24.99         
2018     62      0.00643  0.00641  0.50   93647     601   93346  2259101  24.12         
2018     63      0.00698  0.00696  0.50   93046     647   92722  2165755  23.28         
2018     64      0.00778  0.00775  0.50   92399     716   92041  2073032  22.44         
2018     65      0.00784  0.00781  0.50   91683     716   91325  1980991  21.61         
2018     66      0.00877  0.00874  0.50   90966     795   90569  1889667  20.77         
2018     67      0.00939  0.00935  0.50   90172     843   89750  1799098  19.95         
2018     68      0.00915  0.00911  0.50   89329     814   88922  1709347  19.14         
2018     69      0.01052  0.01047  0.50   88515     927   88051  1620425  18.31         
2018     70      0.01161  0.01154  0.50   87588    1011   87083  1532374  17.50         
2018     71      0.01175  0.01168  0.50   86577    1011   86072  1445291  16.69         
2018     72      0.01366  0.01357  0.50   85566    1161   84986  1359219  15.89         
2018     73      0.01702  0.01688  0.50   84405    1424   83693  1274234  15.10         
2018     74      0.01741  0.01726  0.50   82981    1432   82264  1190541  14.35         
2018     75      0.01925  0.01907  0.50   81548    1555   80771  1108277  13.59         
2018     76      0.02034  0.02014  0.50   79993    1611   79188  1027506  12.84         
2018     77      0.02219  0.02195  0.50   78382    1720   77522   948318  12.10         
2018     78      0.02829  0.02790  0.50   76662    2139   75593   870796  11.36         
2018     79      0.03042  0.02997  0.50   74523    2233   73407   795203  10.67         
2018     80      0.03516  0.03456  0.50   72290    2498   71041   721797   9.98         
2018     81      0.03938  0.03862  0.50   69792    2695   68445   650756   9.32         
2018     82      0.04283  0.04193  0.50   67097    2813   65690   582311   8.68         
2018     83      0.05331  0.05192  0.50   64284    3338   62615   516621   8.04         
2018     84      0.06151  0.05968  0.50   60946    3637   59127   454006   7.45         
2018     85      0.06774  0.06552  0.50   57309    3755   55431   394878   6.89         
2018     86      0.08416  0.08076  0.50   53554    4325   51392   339447   6.34         
2018     87      0.09237  0.08830  0.50   49229    4347   47056   288055   5.85         
2018     88      0.10582  0.10050  0.50   44882    4511   42627   241000   5.37         
2018     89      0.12908  0.12126  0.50   40372    4895   37924   198372   4.91         
2018     90      0.15010  0.13962  0.50   35476    4953   33000   160448   4.52         
2018     91      0.16339  0.15105  0.50   30523    4611   28218   127449   4.18         
2018     92      0.18945  0.17305  0.50   25912    4484   23670    99231   3.83         
2018     93      0.20830  0.18865  0.50   21428    4042   19407    75561   3.53         
2018     94      0.24510  0.21834  0.50   17386    3796   15488    56154   3.23         
2018     95      0.26575  0.23458  0.50   13590    3188   11996    40666   2.99         
2018     96      0.29719  0.25874  0.50   10402    2691    9056    28670   2.76         
2018     97      0.33068  0.28376  0.50    7710    2188    6616    19614   2.54         
2018     98      0.36597  0.30936  0.50    5523    1708    4668    12997   2.35         
2018     99      0.40277  0.33525  0.50    3814    1279    3175     8329   2.18         
2018    100      0.44069  0.36112  0.50    2535     916    2078     5155   2.03         
2018    101      0.47932  0.38665  0.50    1620     626    1307     3077   1.90         
2018    102      0.51819  0.41156  0.50     993     409     789     1770   1.78         
2018    103      0.55685  0.43558  0.50     585     255     457      981   1.68         
2018    104      0.59483  0.45847  0.50     330     151     254      524   1.59         
2018    105      0.63171  0.48008  0.50     179      86     136      270   1.51         
2018    106      0.66711  0.50025  0.50      93      46      70      134   1.44         
2018    107      0.70072  0.51891  0.50      46      24      34       64   1.38         
2018    108      0.73230  0.53603  0.50      22      12      16       30   1.33         
2018    109      0.76168  0.55161  0.50      10       6       8       13   1.29         
2018    110      0.78876  1.00000  1.27       5       5       6        6   1.27         